[1-1]	1	1562689	1555848	3116295	1583155	1605798	4093869	2043741	4101473
[2-2]	2	2013572	1930352	1903846	2043826	2212923	8084501	2187422	8121481
[3-3]	3	3184577	2955320	1721218	3109647	3561952	14918692	2430617	14895172
[4-4]	4	5413860	5014835	1992573	5136708	6031558	25180829	3600512	25152848
[5-5]	5	8986162	8239169	2595486	8317832	9781910	39246136	6013961	39143435
[6-6]	6	13753384	12624184	3769665	12645944	14837276	57356234	10616659	57501327
[7-7]	7	19480414	17919297	5888384	17968382	21004200	80392127	18562002	80556688
[8-8]	8	25939022	23863481	9568461	24246024	28192083	108318390	31218568	108188460
[9-9]	9	33226278	30488701	15681719	31424417	36555769	139894795	49492044	139060358
[10-10]	10	42010412	38325970	25152664	39908660	46712187	172578977	73713681	170509877
[11-11]	11	53248960	48174158	38903525	50421170	59386480	202657712	103130942	198968411
[12-12]	12	67962721	61230497	57362663	63479862	74967614	225993633	135570825	221009331
[13-13]	13	86659689	78105324	80428119	79785565	93846602	239397997	168200139	233772030
[14-14]	14	109121818	98755327	107219418	99029985	115429677	241254690	197272102	235845086
[15-15]	15	133980805	122344988	135797774	120466176	138334158	231734696	219709412	227328338
[16-16]	16	159126165	146995142	163674065	142614640	160560255	212657660	232753772	209832932
[17-17]	17	181932972	170291314	188160023	163428398	180040060	186946084	235399917	186023043
[18-18]	18	199719803	189600017	206718490	180908733	194491920	157893383	227730997	158670483
[19-19]	19	210349490	202938692	217608567	193294555	202472022	128404306	211275004	130641460
[20-20]	20	212841683	208778698	219823421	199396770	203284979	100867547	188529057	104124258
[21-21]	21	206921857	206710612	213727213	198589667	197065940	76663670	162030030	80452944
[22-22]	22	193803405	197146925	200255628	191129511	184543925	56643720	134552623	60507434
[23-23]	23	174991050	181466386	181149249	178125993	167263341	40745202	108061654	44245334
[24-24]	24	152575145	161404159	158561980	160769155	146903376	28665571	84148400	31706184
[25-25]	25	128698659	138999200	134425356	140839977	125105127	19848008	63646518	22277409
[26-26]	26	105211755	116082350	110678358	119860584	103570505	13583490	46878481	15460029
[27-27]	27	83461596	94134658	88472780	99202235	83395412	9275392	33664573	10632819
[28-28]	28	64336581	74265079	68906258	80039204	65420191	6370150	23710939	7321287
[29-29]	29	48297054	57065442	52303207	62933093	50032360	4449275	16397391	5077353
[30-30]	30	35339472	42869085	38823602	48334327	37404353	3191561	11210402	3585644
[31-31]	31	25339974	31465746	28204017	36297002	27361188	2382169	7607111	2614149
[32-32]	32	17804548	22659912	20122783	26730990	19648047	1844993	5169689	1971512
[33-33]	33	12313009	16052007	14142261	19307679	13893811	1485662	3548888	1539777
[34-34]	34	8437505	11210692	9818951	13773145	9706412	1237750	2500402	1256475
[35-35]	35	5759231	7770572	6791087	9709297	6727579	1056490	1810660	1061770
[36-36]	36	3954876	5394237	4698307	6789282	4675265	929175	1364813	917704
[37-37]	37	2762204	3761262	3275671	4737155	3272796	826817	1079652	809466
[38-38]	38	1978186	2656573	2335068	3326523	2323271	746781	882291	726178
[39-39]	39	1471520	1925890	1710280	2376593	1696486	676270	748809	661597
[40-40]	40	1146087	1439201	1291995	1743404	1287643	619875	652560	605754
[41-41]	41	928306	1124374	1016613	1313996	1016861	572627	577784	561036
[42-42]	42	782513	915803	833046	1032023	836377	527143	523997	522057
[43-43]	43	686507	770573	706696	844357	713442	490273	477619	485640
[44-44]	44	615627	670717	616911	708978	627012	457864	438928	456141
[45-45]	45	558416	597178	548856	619144	563205	424346	406663	426010
[46-46]	46	513194	538577	496834	551064	510186	399044	376710	404703
[47-47]	47	476511	493295	454634	498537	470974	369035	351244	382769
[48-48]	48	443860	453456	419429	453082	438318	346475	327728	360535
[49-49]	49	414054	418991	390173	416406	408702	324851	308765	340451
[50-50]	50	388634	389584	364367	386329	380899	304078	293237	323055
[51-51]	51	363218	366216	340067	357699	359002	286628	276265	306231
[52-52]	52	344763	344926	319060	333273	338243	269879	260142	293878
[53-53]	53	326805	324259	303540	311885	321480	252845	246224	277468
[54-54]	54	310803	305569	285678	293144	306368	235456	235002	265975
[55-55]	55	295415	289469	271848	277907	291266	221161	224996	253039
[56-56]	56	282996	275546	257350	263418	278862	210438	212757	240202
[57-57]	57	273159	262271	248120	250282	267243	198653	201634	229722
[58-58]	58	264706	249500	237479	238439	257339	186871	191208	220760
[59-59]	59	255427	240021	227602	227176	247212	177835	179900	211527
[60-60]	60	245570	230186	217600	218183	239515	167830	171207	201875
[61-61]	61	235524	222638	210241	209321	231055	160036	162970	193575
[62-62]	62	226978	214559	201049	200821	223028	151131	154046	184736
[63-63]	63	218897	205221	192139	193034	214636	144094	147278	179400
[64-64]	64	210134	196553	183292	185694	208451	136009	140243	170110
[65-65]	65	200872	189224	175853	179560	202091	130269	133734	164042
[66-66]	66	192515	181867	170501	172690	194235	123144	128840	158748
[67-67]	67	183810	175984	161861	166340	186727	118784	121783	152738
[68-68]	68	176231	170119	155193	160982	179187	113422	116791	145814
[69-69]	69	168645	162919	146783	156016	171593	108350	112323	141015
[70-70]	70	160913	156497	140199	149948	163856	103137	108092	135627
[71-71]	71	154441	149097	133805	143981	156088	98889	102695	131079
[72-72]	72	147198	142397	129221	139855	149901	95801	99004	127355
[73-73]	73	140955	138293	124303	132964	142325	91090	95822	122656
[74-74]	74	134397	131709	119997	127840	136105	86992	91931	117982
[75-75]	75	127773	126055	115166	122839	130037	83397	88863	115194
[76-76]	76	120883	121117	110081	117900	125059	80030	85242	111772
[77-77]	77	115823	115776	106690	112402	119954	76008	82709	108257
[78-78]	78	110542	111936	102455	109197	114509	73614	79507	104094
[79-79]	79	105337	108401	98645	103675	110059	69229	77475	101727
[80-80]	80	101137	103843	96173	100384	105205	67215	75432	99288
[81-81]	81	96934	99112	91647	96461	100439	65449	72698	96406
[82-82]	82	93657	95198	88377	92385	97228	62081	70768	93389
[83-83]	83	90402	92489	84581	88162	93126	60076	69057	88793
[84-84]	84	87693	88923	82349	85176	89841	55864	66666	86370
[85-85]	85	84669	86330	79670	83041	87709	53370	63996	83582
[86-86]	86	82777	82839	77238	80398	85318	50783	63001	81373
[87-87]	87	80162	80598	74954	77696	82792	48578	62323	78918
[88-88]	88	77722	78231	72591	75027	79725	46728	60138	76344
[89-89]	89	76131	74973	70867	73691	78502	44395	58623	73551
[90-90]	90	74610	73256	68491	70658	76394	43197	56777	70299
[91-91]	91	72405	71797	66830	68748	74457	41879	54514	68408
[92-92]	92	70533	69941	65625	67814	72420	39745	52632	66849
[93-93]	93	68807	67618	63308	65854	70611	38122	51607	64819
[94-94]	94	67293	66309	61711	64205	69274	36396	50353	62943
[95-95]	95	65730	63920	59604	63301	67633	34918	48762	59646
[96-96]	96	65369	62480	57833	62568	66130	33327	47171	57723
[97-97]	97	64064	61657	56806	61111	64148	32037	45941	57233
[98-98]	98	62281	60105	55016	59070	63076	31081	43899	54025
[99-99]	99	61417	59026	53579	58172	61467	30190	42564	52377
[100-100]	100	59585	58186	52738	57312	60688	29297	41200	50324
[101-101]	101	58201	56134	51724	55537	59294	27852	39427	49621
[102-102]	102	57184	55218	51160	53771	58237	26596	37489	47453
[103-103]	103	55628	53080	50064	53510	56372	26206	36153	45845
[104-104]	104	54488	52066	48808	52152	54506	24893	34082	45023
[105-105]	105	52240	51218	47365	51211	52872	23828	33086	44287
[106-106]	106	51091	49543	46743	49293	51260	23434	32261	42594
[107-107]	107	50377	47864	45892	48389	49871	22461	31029	41238
[108-108]	108	49248	46560	45214	47515	48977	21580	29621	39200
[109-109]	109	47845	45536	43986	46341	47167	21372	28246	38211
[110-110]	110	46184	44696	43129	45502	45819	21109	27903	37437
[111-111]	111	44454	43983	41869	44343	45587	20577	26214	35888
[112-112]	112	43108	42467	40410	42869	43398	20283	25802	34670
[113-113]	113	41413	41703	39040	42270	42670	19545	24500	33772
[114-114]	114	40448	40075	37635	41618	41300	19284	23771	32269
[115-115]	115	39387	38917	36877	40500	39543	19127	23251	31881
[116-116]	116	38128	37160	35735	39468	38016	18425	22604	30290
[117-117]	117	36798	36496	34767	38841	36910	17771	21744	29166
[118-118]	118	36453	35706	33644	37755	35496	17214	21341	28372
[119-119]	119	34673	34581	31903	36656	34158	17186	20712	28508
[120-120]	120	33473	33493	30629	35630	32801	16473	20216	26866
[121-121]	121	32243	32308	29462	34301	32076	16251	19824	26639
[122-122]	122	31755	30710	28108	33677	31331	16119	19176	25014
[123-123]	123	30658	29593	27125	32810	30677	16604	18829	24812
[124-124]	124	29428	28986	26812	32246	30074	15915	18116	24623
[125-125]	125	29039	28610	25832	31014	29669	15394	17856	24023
[126-126]	126	28607	27430	25118	30240	28552	15031	17144	22901
[127-127]	127	27517	26380	24128	29952	27876	14593	17120	22615
[128-128]	128	27036	25704	23354	28226	27334	14373	16646	21224
[129-129]	129	26163	24566	22839	27391	26439	14053	16317	20543
[130-130]	130	25296	24296	22114	26304	25438	13892	15610	19982
[131-131]	131	24634	23421	21337	25844	24817	13690	15128	19788
[132-132]	132	24159	23341	20564	25107	23802	12920	14937	19232
[133-133]	133	23539	22105	19559	24551	22727	12456	14899	18332
[134-134]	134	22741	21863	19265	23692	22333	12349	14720	18178
[135-135]	135	22498	21222	18869	23403	22300	12265	14516	17531
[136-136]	136	21602	20681	18835	22460	21365	12076	14521	17640
[137-137]	137	21204	20438	17978	22189	21195	11898	14154	16602
[138-138]	138	20664	19907	17297	21742	20643	11510	14249	16294
[139-139]	139	20524	19284	17079	21365	20259	11607	13605	15893
[140-140]	140	19845	18569	16732	20988	19775	11467	13425	15430
[141-141]	141	19523	18506	16319	20356	19477	11361	13319	15180
[142-142]	142	18960	17869	16061	19686	19078	10950	13142	14736
[143-143]	143	18846	17506	15683	19179	18889	11057	12950	13838
[144-144]	144	18268	17268	15398	18653	18313	11047	12970	13745
[145-145]	145	18092	16689	15013	18578	18098	10850	12467	13468
[146-146]	146	17623	16332	15005	18224	17557	10650	12305	12915
[147-147]	147	17124	15985	14687	17465	16934	10396	12473	12990
[148-148]	148	16649	15516	14488	17329	16629	10458	12225	12309
[149-149]	149	16451	15352	14198	17077	16461	10150	11999	11836
[150-150]	150	16213	15047	13636	16856	15836	9953	11683	11783
[151-151]	151	15995	14659	13594	16518	16129	9744	11645	11035
[152-152]	152	15786	14294	13247	16001	15905	9304	11572	11029
[153-153]	153	15572	14167	12749	15506	15561	9067	11369	11572
[154-154]	154	15226	13920	12983	15034	15241	8903	11163	10979
[155-155]	155	14814	13561	12894	14839	14728	8776	11139	10959
[156-156]	156	14536	13229	12752	14627	14766	8684	10474	10476
[157-157]	157	14386	12844	12622	14501	14492	8612	10285	9902
[158-158]	158	14096	12963	12474	14338	14008	8390	10258	9718
[159-159]	159	13946	13003	12300	14381	14009	7995	10515	9194
[160-160]	160	13973	12628	12020	13850	13655	8200	10229	9203
[161-161]	161	13562	12136	12146	13956	13718	7962	9899	8911
[162-162]	162	13444	12271	12065	13626	13239	7757	10157	8689
[163-163]	163	13200	11846	11784	13414	13122	7693	9983	8664
[164-164]	164	12972	11654	11653	13294	12913	7569	9829	8452
[165-165]	165	12612	11741	11672	13062	12920	7517	9639	8262
[166-166]	166	12322	11499	11338	12514	12797	7378	9408	8247
[167-167]	167	12302	11520	10956	12481	12676	7397	9251	7943
[168-168]	168	12253	11255	10876	12279	12286	7162	9201	7799
[169-169]	169	12033	11240	10599	11896	12091	7331	9048	7761
[170-170]	170	11640	11106	10320	11677	11795	7096	8950	7625
[171-171]	171	11651	10883	10243	11690	11685	6772	8934	7310
[172-172]	172	11424	10412	10251	11290	11218	6455	8634	7238
[173-173]	173	11250	10615	10019	11194	11222	6531	8536	7031
[174-174]	174	10936	10519	9876	11002	10672	6531	8477	7098
[175-175]	175	10679	10673	9718	10970	10721	6457	7966	7018
[176-176]	176	10645	10458	9536	11061	10385	6310	7976	6761
[177-177]	177	10477	10017	9340	10649	10372	6276	8205	6472
[178-178]	178	10462	10022	9223	10630	10076	6340	7926	6141
[179-179]	179	10196	10049	9319	10443	9853	6114	7691	6125
[180-180]	180	10016	9855	9463	10381	9737	6070	7757	5846
[181-181]	181	9955	9811	9363	10369	9760	6109	7472	5834
[182-182]	182	9931	9643	9128	10221	9680	5683	7300	5876
[183-183]	183	9684	9400	8900	10101	9436	5654	7374	5742
[184-184]	184	9553	9604	8787	9872	9552	5722	7121	5586
[185-185]	185	9518	9178	8619	9829	9560	5758	7125	5424
[186-186]	186	9241	9095	8536	9759	9513	5866	7018	5308
[187-187]	187	9178	8907	8484	9660	9199	5712	6875	5348
[188-188]	188	9071	8918	8513	9581	9233	5591	6664	5333
[189-189]	189	9071	8853	8326	9483	8922	5572	6501	5277
[190-190]	190	8928	8509	8327	9387	8822	5586	6584	5035
[191-191]	191	8785	8496	7928	9152	8569	5379	6657	4933
[192-192]	192	8630	8468	8055	9164	8255	5376	6375	5143
[193-193]	193	8465	8360	8020	9072	8124	5332	6138	4747
[194-194]	194	8236	8019	7995	8953	8016	5222	6071	4697
[195-195]	195	8280	8000	7962	8871	7935	4914	5895	4736
[196-196]	196	8195	7995	7718	8838	7677	4955	5903	4624
[197-197]	197	8122	7804	7646	8776	7921	4850	5724	4523
[198-198]	198	8036	7712	7436	8712	7624	4940	5687	4469
[199-199]	199	7881	7621	7299	8612	7585	4821	5564	4341
[200-200]	200	8002	7335	7197	8562	7472	4745	5649	4286
[201-201]	201	7758	7401	7343	8475	7407	4589	5364	4311
[202-202]	202	7590	7274	7237	8564	7426	4591	5332	4221
[203-203]	203	7496	7142	7123	8263	7454	4524	5317	4180
[204-204]	204	7412	7111	7065	8042	7144	4431	5391	4115
[205-205]	205	7352	7293	6983	7801	6962	4545	5294	4041
[206-206]	206	7090	7238	6955	7865	7026	4550	5249	4065
[207-207]	207	7050	7121	6842	7675	7136	4520	5229	3977
[208-208]	208	6882	6998	6529	7607	6925	4400	5033	4072
[209-209]	209	6678	6987	6517	7734	6942	4313	5034	3931
[210-210]	210	6586	7004	6281	7442	6679	4273	4845	3819
[211-211]	211	6572	6697	6365	7514	6770	4186	4746	3789
[212-212]	212	6408	6708	6205	7226	6687	4217	4447	3673
[213-213]	213	6354	6595	6234	7059	6556	4151	4514	3700
[214-214]	214	6347	6736	6021	6745	6223	4240	4442	3689
[215-215]	215	6289	6359	5848	6750	6324	4149	4403	3625
[216-216]	216	6188	6580	5983	6874	6180	4145	4439	3687
[217-217]	217	6114	6280	5924	6664	6101	4003	4310	3551
[218-218]	218	5933	6485	5720	6587	5953	4207	4187	3612
[219-219]	219	5915	6212	5469	6727	5908	3946	4231	3590
[220-220]	220	5605	6140	5441	6534	5838	4003	4076	3511
[221-221]	221	5656	6079	5353	6453	5798	3911	4104	3536
[222-222]	222	5596	6046	5144	6399	5697	3939	4017	3375
[223-223]	223	5478	6039	5019	6355	5638	3898	4095	3343
[224-224]	224	5460	5872	5133	6196	5690	3745	3893	3384
[225-225]	225	5303	5770	5233	6071	5552	3641	3874	3366
[226-226]	226	5148	5550	5046	6091	5594	3809	3769	3256
[227-227]	227	5080	5540	4967	5744	5482	3654	3747	3367
[228-228]	228	5101	5526	4896	5916	5427	3537	3825	3163
[229-229]	229	4987	5405	4729	5650	5416	3440	3821	3125
[230-230]	230	4999	5346	4734	5731	5200	3501	3765	3193
[231-231]	231	5140	5299	4665	5632	5106	3421	3610	3139
[232-232]	232	4968	5190	4732	5561	5025	3412	3760	3170
[233-233]	233	4793	5209	4643	5387	4955	3357	3575	3202
[234-234]	234	4595	4952	4534	5303	4791	3359	3568	2961
[235-235]	235	4635	5039	4425	5426	4802	3310	3453	2904
[236-236]	236	4511	5119	4352	5262	4789	3251	3333	2874
[237-237]	237	4500	5055	4353	5038	4794	3213	3472	2927
[238-238]	238	4450	5162	4264	5151	4717	3192	3505	2997
[239-239]	239	4397	5015	4292	5075	4651	3158	3343	3045
[240-240]	240	4288	4989	4156	4960	4688	3064	3341	3071
[241-241]	241	4288	5007	3942	4860	4500	3159	3364	2958
[242-242]	242	4222	4934	3930	4562	4413	2891	3204	2905
[243-243]	243	4188	4730	3980	4710	4373	2866	3340	2860
[244-244]	244	4019	4700	3880	4597	4247	2939	3305	2802
[245-245]	245	3929	4634	3892	4581	4317	2924	3226	2676
[246-246]	246	4002	4479	3823	4558	4139	2825	3276	2803
[247-247]	247	3856	4365	3728	4539	4028	2871	3130	2826
[248-248]	248	4019	4412	3609	4644	4068	2737	3193	2840
[249-249]	249	3841	4331	3786	4477	4064	2850	3102	2808
[250-250]	250	3825	4345	3760	4524	3984	2714	2944	2680
[251-251]	251	3780	4225	3635	4450	3870	2679	2915	2707
[252-252]	252	3667	4053	3655	4343	3921	2568	2852	2713
[253-253]	253	3636	4162	3609	4327	3850	2568	2868	2682
[254-254]	254	3475	4226	3638	4151	3608	2549	2858	2531
[255-255]	255	3540	4092	3515	4151	3717	2561	2782	2667
[256-256]	256	3413	4073	3533	4150	3625	2520	2809	2546
[257-257]	257	3492	4168	3468	4181	3654	2445	2851	2623
[258-258]	258	3342	4021	3417	4039	3409	2444	2695	2556
[259-259]	259	3443	3996	3300	4042	3550	2578	2746	2566
[260-260]	260	3320	3919	3271	3948	3448	2419	2637	2658
[261-261]	261	3342	3818	3279	3923	3511	2450	2610	2514
[262-262]	262	3305	3739	3236	3946	3381	2516	2674	2519
[263-263]	263	3217	3624	3200	3825	3451	2420	2663	2429
[264-264]	264	3261	3703	3103	3894	3460	2375	2641	2370
[265-265]	265	3211	3710	3125	3795	3376	2461	2609	2365
[266-266]	266	3205	3526	3181	3702	3438	2390	2578	2275
[267-267]	267	3138	3574	3126	3613	3260	2476	2553	2360
[268-268]	268	3070	3562	3002	3576	3293	2341	2497	2283
[269-269]	269	3124	3709	3136	3537	3281	2233	2492	2311
[270-270]	270	3058	3526	2979	3376	3186	2317	2509	2245
[271-271]	271	3055	3640	3044	3387	3110	2275	2402	2324
[272-272]	272	3017	3552	3032	3309	3244	2238	2375	2315
[273-273]	273	3078	3405	3026	3262	3186	2226	2240	2276
[274-274]	274	2978	3291	3034	3165	3030	2220	2391	2283
[275-275]	275	2996	3425	2976	3152	3139	2216	2405	2302
[276-276]	276	2892	3311	2848	3144	3058	2274	2341	2203
[277-277]	277	2944	3387	2903	3108	2931	2259	2401	2180
[278-278]	278	2906	3419	2782	3009	2915	2279	2375	2141
[279-279]	279	2903	3425	2762	3093	2881	2250	2347	2096
[280-280]	280	2772	3331	2667	3020	2927	2153	2376	2151
[281-281]	281	2911	3458	2758	3098	2834	2082	2376	2188
[282-282]	282	2796	3411	2645	2915	2879	2228	2383	2136
[283-283]	283	2766	3278	2755	2835	2824	2204	2292	2055
[284-284]	284	2622	3194	2691	2910	2792	2225	2282	1991
[285-285]	285	2636	3143	2678	2882	2956	2180	2214	2177
[286-286]	286	2718	3113	2728	2848	2771	2085	2100	1990
[287-287]	287	2634	3065	2746	2781	2749	2204	2174	1958
[288-288]	288	2641	3073	2632	2863	2762	2160	2231	2098
[289-289]	289	2593	3172	2680	2782	2645	2002	2116	2045
[290-290]	290	2575	3012	2674	2847	2776	2070	2151	1936
[291-291]	291	2503	3105	2583	2677	2703	2170	2157	2038
[292-292]	292	2535	2974	2601	2718	2682	1956	2037	2026
[293-293]	293	2529	3112	2631	2803	2825	1965	2074	1945
[294-294]	294	2465	2969	2490	2771	2662	2082	2036	1892
[295-295]	295	2494	2896	2513	2710	2622	2045	1958	2004
[296-296]	296	2465	2828	2507	2708	2573	2047	2088	1888
[297-297]	297	2423	2855	2514	2645	2518	2025	2016	1979
[298-298]	298	2487	2831	2425	2612	2448	1986	1998	2089
[299-299]	299	2558	2748	2517	2493	2381	2073	2045	2024
[300-300]	300	2519	2776	2468	2643	2335	1986	2049	1943
[301-301]	301	2448	2635	2376	2551	2394	2011	2091	1843
[302-302]	302	2502	2672	2285	2492	2384	2011	2122	1890
[303-303]	303	2378	2589	2339	2447	2361	2088	2055	1974
[304-304]	304	2478	2630	2273	2300	2415	1940	2020	1977
[305-305]	305	2410	2616	2186	2366	2232	1929	2017	1865
[306-306]	306	2315	2667	2117	2299	2400	1979	2089	1843
[307-307]	307	2361	2646	2215	2397	2335	1999	2009	1838
[308-308]	308	2314	2596	2204	2315	2282	1858	2024	1953
[309-309]	309	2401	2638	2204	2324	2417	1880	1988	1882
[310-310]	310	2298	2595	2116	2266	2213	1883	1940	1932
[311-311]	311	2239	2619	2100	2184	2333	1801	1973	1789
[312-312]	312	2188	2624	2177	2233	2157	1798	2011	1802
[313-313]	313	2241	2551	2151	2361	2119	1783	1974	1758
[314-314]	314	2149	2475	2057	2224	2045	1780	1962	1824
[315-315]	315	2157	2499	1959	2186	2080	1873	1805	1790
[316-316]	316	2135	2399	2020	2264	2059	1844	1894	1758
[317-317]	317	2074	2409	2020	2254	1976	1890	1942	1767
[318-318]	318	2246	2471	2007	2240	2107	1723	1948	1725
[319-319]	319	2094	2319	1965	2257	1992	1795	1905	1670
[320-320]	320	2137	2401	1964	2131	1996	1731	1939	1691
[321-321]	321	2077	2350	1970	2139	2063	1687	1859	1619
[322-322]	322	2052	2260	1844	2231	2067	1677	1834	1677
[323-323]	323	1969	2267	1921	2108	2022	1688	1861	1625
[324-324]	324	1925	2200	1955	2117	1959	1701	1859	1593
[325-325]	325	2016	2218	1950	2203	2180	1643	1769	1694
[326-326]	326	1938	2274	1941	2144	1978	1625	1811	1649
[327-327]	327	2007	2246	1965	2184	1965	1609	1869	1615
[328-328]	328	2130	2312	1941	2250	1958	1582	1761	1615
[329-329]	329	2014	2285	1852	2040	2040	1625	1816	1628
[330-330]	330	2053	2251	1855	2160	1980	1635	1609	1607
[331-331]	331	1933	2245	1829	2137	1953	1589	1796	1653
[332-332]	332	1853	2265	1818	2045	1944	1556	1690	1668
[333-333]	333	1918	2212	1801	2013	1996	1522	1767	1660
[334-334]	334	1830	2160	1807	1917	1954	1539	1735	1715
[335-335]	335	1774	2129	1863	1995	1970	1510	1676	1782
[336-336]	336	1879	2167	1837	1944	1922	1559	1748	1568
[337-337]	337	1822	2117	1869	2059	1894	1585	1773	1666
[338-338]	338	1847	2145	1896	1953	1869	1498	1706	1592
[339-339]	339	1740	2164	1779	1888	1854	1557	1583	1525
[340-340]	340	1819	2147	1818	1956	1943	1567	1670	1529
[341-341]	341	1790	2170	1855	1910	1921	1456	1569	1612
[342-342]	342	1838	2239	1829	1936	1856	1516	1638	1555
[343-343]	343	1795	2116	1816	1990	1849	1448	1595	1603
[344-344]	344	1847	2173	1722	1944	1720	1523	1517	1557
[345-345]	345	1748	2223	1843	1923	1727	1408	1635	1421
[346-346]	346	1859	2184	1750	1908	1752	1485	1544	1442
[347-347]	347	1777	2161	1828	1936	1742	1410	1634	1431
[348-348]	348	1791	2194	1761	1891	1735	1440	1575	1494
[349-349]	349	1865	2146	1752	1962	1766	1427	1615	1475
[350-350]	350	1745	2096	1711	1843	1857	1407	1626	1412
[351-351]	351	1771	2100	1727	1809	1646	1370	1536	1526
[352-352]	352	1830	2116	1716	1805	1701	1344	1536	1563
[353-353]	353	1697	2049	1712	1856	1713	1401	1528	1551
[354-354]	354	1736	2102	1633	1804	1647	1356	1483	1497
[355-355]	355	1763	2009	1756	1755	1617	1415	1549	1521
[356-356]	356	1683	2041	1709	1681	1647	1401	1511	1499
[357-357]	357	1559	2073	1716	1798	1648	1418	1525	1525
[358-358]	358	1709	1983	1707	1747	1670	1331	1424	1398
[359-359]	359	1608	2025	1682	1655	1692	1441	1487	1447
[360-360]	360	1686	2016	1756	1786	1670	1442	1511	1422
[361-361]	361	1565	2116	1724	1728	1687	1419	1574	1348
[362-362]	362	1641	2058	1743	1803	1553	1413	1474	1399
[363-363]	363	1576	1968	1706	1675	1578	1434	1394	1450
[364-364]	364	1606	1941	1711	1660	1477	1353	1526	1337
[365-365]	365	1648	1875	1633	1717	1598	1344	1418	1342
[366-366]	366	1667	1909	1583	1712	1647	1376	1361	1394
[367-367]	367	1583	1841	1546	1773	1544	1316	1414	1435
[368-368]	368	1590	1948	1530	1724	1523	1267	1351	1399
[369-369]	369	1637	1892	1551	1752	1568	1282	1361	1413
[370-370]	370	1583	1886	1524	1739	1556	1199	1395	1349
[371-371]	371	1572	1836	1471	1721	1536	1234	1375	1390
[372-372]	372	1692	1992	1476	1740	1571	1226	1348	1308
[373-373]	373	1564	1835	1467	1718	1594	1194	1310	1222
[374-374]	374	1500	1898	1506	1620	1567	1284	1323	1320
[375-375]	375	1502	1747	1423	1642	1604	1322	1350	1326
[376-376]	376	1539	1722	1522	1670	1547	1298	1340	1214
[377-377]	377	1564	1822	1443	1566	1529	1248	1262	1292
[378-378]	378	1425	1748	1462	1590	1498	1231	1274	1280
[379-379]	379	1512	1720	1451	1582	1515	1219	1256	1238
[380-380]	380	1486	1742	1462	1559	1454	1213	1301	1290
[381-381]	381	1548	1832	1469	1551	1532	1216	1214	1236
[382-382]	382	1528	1734	1440	1557	1461	1189	1179	1243
[383-383]	383	1537	1745	1526	1606	1470	1123	1263	1206
[384-384]	384	1475	1757	1453	1482	1420	1234	1229	1235
[385-385]	385	1505	1624	1481	1575	1502	1218	1189	1280
[386-386]	386	1495	1676	1415	1548	1400	1206	1148	1221
[387-387]	387	1432	1673	1422	1525	1417	1161	1200	1189
[388-388]	388	1392	1659	1444	1543	1438	1155	1202	1183
[389-389]	389	1367	1680	1420	1500	1343	1166	1249	1137
[390-390]	390	1375	1687	1404	1457	1380	1180	1156	1161
[391-391]	391	1341	1630	1335	1512	1385	1125	1240	1192
[392-392]	392	1345	1575	1409	1454	1408	1122	1216	1073
[393-393]	393	1378	1635	1483	1473	1391	1120	1168	1150
[394-394]	394	1354	1708	1389	1485	1312	1066	1138	1203
[395-395]	395	1432	1624	1413	1492	1393	1117	1166	1189
[396-396]	396	1352	1616	1420	1374	1356	1080	1204	1150
[397-397]	397	1363	1570	1427	1412	1307	1136	1158	1144
[398-398]	398	1324	1501	1409	1460	1383	1080	1197	1117
[399-399]	399	1423	1558	1351	1418	1359	1120	1215	1192
[400-400]	400	1385	1584	1421	1382	1308	1075	1187	1150
[401-401]	401	1376	1508	1409	1323	1300	1039	1195	1143
[402-402]	402	1343	1482	1413	1366	1312	1065	1203	1068
[403-403]	403	1376	1483	1314	1350	1281	1103	1184	1104
[404-404]	404	1298	1468	1334	1363	1254	1060	1136	1099
[405-405]	405	1264	1560	1290	1333	1302	1015	1167	1106
[406-406]	406	1316	1446	1282	1395	1320	1000	1137	1017
[407-407]	407	1288	1427	1359	1421	1324	1019	1064	1038
[408-408]	408	1327	1490	1293	1356	1321	1025	1145	1032
[409-409]	409	1237	1405	1256	1338	1279	1079	1180	1001
[410-410]	410	1356	1414	1247	1375	1290	1004	1159	1070
[411-411]	411	1319	1393	1296	1305	1347	1011	1042	1006
[412-412]	412	1279	1432	1232	1375	1372	1023	1104	1093
[413-413]	413	1293	1478	1229	1342	1315	985	1144	1028
[414-414]	414	1329	1469	1268	1307	1262	1037	1116	1115
[415-415]	415	1255	1475	1258	1302	1227	1008	1181	1065
[416-416]	416	1345	1330	1225	1298	1270	1045	1122	1042
[417-417]	417	1268	1330	1169	1276	1196	1010	1062	1066
[418-418]	418	1249	1381	1264	1324	1199	1011	1114	1028
[419-419]	419	1252	1337	1222	1336	1249	920	1029	1032
[420-420]	420	1250	1386	1133	1336	1256	1033	1134	1021
[421-421]	421	1189	1325	1160	1284	1274	1026	1060	1128
[422-422]	422	1244	1407	1218	1358	1259	1033	1044	1008
[423-423]	423	1254	1380	1191	1334	1293	984	1146	1089
[424-424]	424	1230	1297	1163	1372	1218	974	992	1053
[425-425]	425	1272	1371	1109	1378	1219	964	979	1101
[426-426]	426	1222	1321	1150	1343	1227	965	953	1031
[427-427]	427	1234	1291	1109	1286	1177	959	960	1069
[428-428]	428	1249	1328	1123	1334	1194	896	1070	1036
[429-429]	429	1255	1255	1130	1310	1242	942	1014	1006
[430-430]	430	1278	1213	1099	1238	1197	942	974	952
[431-431]	431	1220	1274	1180	1318	1254	967	963	1033
[432-432]	432	1176	1316	1076	1250	1211	883	988	1026
[433-433]	433	1170	1250	1107	1234	1180	906	959	1076
[434-434]	434	1256	1308	1118	1295	1258	934	923	1018
[435-435]	435	1206	1246	1151	1250	1209	966	965	933
[436-436]	436	1120	1217	1111	1302	1235	867	893	1029
[437-437]	437	1158	1293	1161	1249	1268	890	937	1117
[438-438]	438	1170	1230	1164	1283	1260	804	918	1080
[439-439]	439	1174	1280	1166	1292	1202	853	904	984
[440-440]	440	1139	1175	1084	1297	1193	899	951	979
[441-441]	441	1159	1201	1153	1264	1252	891	881	969
[442-442]	442	1209	1192	1194	1252	1208	860	970	951
[443-443]	443	1165	1149	1137	1245	1215	866	906	927
[444-444]	444	1089	1192	1068	1255	1189	890	883	964
[445-445]	445	1128	1157	1073	1271	1194	888	895	855
[446-446]	446	1135	1145	1028	1168	1275	918	888	960
[447-447]	447	1188	1187	1006	1233	1189	916	889	913
[448-448]	448	1127	1201	1051	1257	1168	878	875	898
[449-449]	449	1118	1153	1112	1268	1153	930	894	911
[450-450]	450	1137	1154	1053	1323	1150	882	870	862
[451-451]	451	1159	1203	1085	1201	1141	828	890	894
[452-452]	452	1175	1218	1018	1275	1132	816	791	910
[453-453]	453	1127	1149	991	1282	1116	822	885	893
[454-454]	454	1170	1267	1016	1175	1100	829	791	875
[455-455]	455	1128	1212	1066	1194	1089	844	868	906
[456-456]	456	1007	1162	1040	1262	1087	804	866	839
[457-457]	457	1019	1197	962	1226	1121	838	829	855
[458-458]	458	1067	1265	1012	1223	1141	766	849	860
[459-459]	459	1037	1086	1010	1205	1066	770	838	875
[460-460]	460	1027	1091	951	1174	998	818	909	884
[461-461]	461	1049	1160	987	1156	1013	823	829	848
[462-462]	462	1010	1161	962	1175	1063	877	835	861
[463-463]	463	943	1120	964	1197	1103	844	817	866
[464-464]	464	971	1051	930	1140	1068	865	858	865
[465-465]	465	935	1073	988	1179	1087	831	842	805
[466-466]	466	975	1074	973	1221	1124	836	797	856
[467-467]	467	992	1103	1014	1142	1037	849	865	846
[468-468]	468	1025	1028	935	1197	1034	814	825	846
[469-469]	469	1038	1083	928	1159	997	871	800	858
[470-470]	470	971	1092	1009	1173	1007	806	814	809
[471-471]	471	1044	1031	934	1175	1004	797	840	810
[472-472]	472	1016	1046	902	1122	1073	772	764	831
[473-473]	473	984	1053	958	1164	1061	775	828	877
[474-474]	474	991	1009	964	1080	1063	792	852	879
[475-475]	475	984	1079	899	1070	1059	831	795	888
[476-476]	476	1061	1048	887	1068	1029	872	756	822
[477-477]	477	988	1010	924	1150	1046	852	779	829
[478-478]	478	961	959	972	1113	1061	798	753	876
[479-479]	479	931	1064	888	1034	1058	829	810	856
[480-480]	480	950	1089	930	1144	994	753	751	844
[481-481]	481	992	1038	893	1068	1051	794	782	818
[482-482]	482	993	1031	895	1042	981	760	777	825
[483-483]	483	995	980	863	1105	1023	767	789	812
[484-484]	484	998	997	871	1148	1010	730	783	846
[485-485]	485	972	976	812	1131	982	784	796	821
[486-486]	486	952	985	907	1106	1042	793	769	877
[487-487]	487	1013	1044	882	1120	999	796	771	885
[488-488]	488	948	1022	855	1112	1040	775	781	827
[489-489]	489	1015	1024	893	1083	1020	810	754	880
[490-490]	490	949	952	951	1148	990	862	772	818
[491-491]	491	941	955	878	1055	987	805	723	817
[492-492]	492	898	987	892	1045	970	873	743	868
[493-493]	493	956	955	864	1056	987	831	720	793
[494-494]	494	937	979	931	1071	1005	823	725	789
[495-495]	495	933	952	840	1051	1041	771	770	810
[496-496]	496	917	944	835	1090	989	789	715	860
[497-497]	497	926	917	822	1061	1006	813	671	770
[498-498]	498	886	933	769	1064	945	786	684	785
[499-499]	499	944	968	795	1074	985	785	749	825
[500-500]	500	888	948	788	1022	1009	779	718	795
[501-501]	501	908	965	806	1038	923	755	739	785
[502-502]	502	933	952	714	1076	974	752	707	842
[503-503]	503	908	950	804	1072	969	796	749	761
[504-504]	504	941	970	781	1021	953	793	722	804
[505-505]	505	878	938	750	970	941	761	760	835
[506-506]	506	890	1032	816	1066	931	766	708	764
[507-507]	507	901	978	764	967	928	766	704	750
[508-508]	508	836	948	809	993	889	781	740	705
[509-509]	509	835	943	802	1006	956	749	707	775
[510-510]	510	809	923	823	951	939	789	731	777
[511-511]	511	847	1007	812	935	918	776	705	765
[512-512]	512	824	941	796	922	934	798	705	836
[513-513]	513	850	970	842	975	925	728	719	793
[514-514]	514	884	872	819	936	932	768	758	779
[515-515]	515	908	889	798	938	906	830	759	803
[516-516]	516	812	922	824	961	926	797	713	810
[517-517]	517	824	893	824	907	852	765	704	784
[518-518]	518	799	904	715	902	888	782	723	710
[519-519]	519	816	897	725	933	867	769	758	770
[520-520]	520	825	970	759	970	887	771	739	739
[521-521]	521	810	871	764	901	912	724	741	724
[522-522]	522	799	819	752	949	853	696	682	699
[523-523]	523	876	892	749	983	863	696	721	738
[524-524]	524	801	853	746	985	809	672	697	686
[525-525]	525	824	838	766	913	889	699	731	685
[526-526]	526	769	913	716	952	885	660	740	703
[527-527]	527	744	876	742	949	839	737	700	695
[528-528]	528	826	856	759	904	776	754	713	693
[529-529]	529	777	841	761	962	827	751	653	729
[530-530]	530	751	851	682	951	793	751	653	684
[531-531]	531	786	813	696	915	741	676	696	694
[532-532]	532	718	789	742	922	804	651	641	647
[533-533]	533	791	771	728	833	759	707	714	675
[534-534]	534	683	804	731	808	847	709	739	690
[535-535]	535	769	781	733	886	793	666	613	669
[536-536]	536	717	749	711	857	764	750	639	723
[537-537]	537	747	788	699	826	737	687	683	699
[538-538]	538	733	770	693	824	763	697	681	663
[539-539]	539	726	774	691	816	775	690	663	647
[540-540]	540	718	797	701	873	792	670	683	655
[541-541]	541	724	728	671	806	784	742	606	692
[542-542]	542	705	756	669	821	795	709	622	702
[543-543]	543	713	781	640	867	757	656	645	626
[544-544]	544	702	755	706	834	824	618	633	635
[545-545]	545	740	831	652	834	751	669	624	717
[546-546]	546	704	772	712	799	762	634	663	662
[547-547]	547	645	772	706	747	749	680	646	636
[548-548]	548	672	750	653	795	720	627	665	680
[549-549]	549	675	744	657	738	799	640	645	642
[550-550]	550	720	745	668	758	777	626	672	599
[551-551]	551	662	774	680	806	756	654	630	618
[552-552]	552	708	779	717	821	766	688	621	614
[553-553]	553	675	718	706	840	749	649	624	706
[554-554]	554	700	804	705	786	693	654	625	683
[555-555]	555	693	742	722	814	723	609	621	631
[556-556]	556	734	758	696	821	712	620	660	685
[557-557]	557	689	734	703	777	733	621	608	665
[558-558]	558	665	686	661	762	761	663	606	651
[559-559]	559	701	722	692	764	681	718	638	641
[560-560]	560	713	723	645	760	727	581	637	627
[561-561]	561	640	763	663	705	737	586	672	649
[562-562]	562	676	686	714	731	689	634	559	683
[563-563]	563	671	677	682	727	753	624	622	635
[564-564]	564	678	719	693	736	722	625	592	616
[565-565]	565	646	750	716	735	770	657	654	626
[566-566]	566	653	714	698	719	722	643	638	633
[567-567]	567	621	660	691	822	709	655	603	645
[568-568]	568	616	680	707	764	770	583	634	627
[569-569]	569	652	735	709	773	699	612	591	663
[570-570]	570	665	669	707	732	625	652	616	584
[571-571]	571	660	735	648	787	700	598	561	606
[572-572]	572	681	667	639	803	694	640	552	618
[573-573]	573	675	756	643	766	661	579	571	649
[574-574]	574	641	674	626	739	622	611	589	670
[575-575]	575	657	751	617	723	671	599	626	648
[576-576]	576	682	712	625	649	634	589	576	689
[577-577]	577	671	705	648	729	680	632	577	630
[578-578]	578	632	678	634	753	693	617	599	649
[579-579]	579	610	731	641	759	671	619	552	633
[580-580]	580	635	709	647	811	666	607	562	576
[581-581]	581	650	725	673	711	676	630	593	627
[582-582]	582	631	713	703	696	685	586	553	658
[583-583]	583	666	712	688	711	648	583	605	654
[584-584]	584	620	714	706	777	655	645	578	585
[585-585]	585	648	754	698	755	674	619	491	623
[586-586]	586	629	696	646	700	662	594	589	591
[587-587]	587	616	699	639	717	660	587	582	637
[588-588]	588	652	663	668	729	629	573	556	612
[589-589]	589	619	673	630	705	667	598	564	659
[590-590]	590	685	720	658	725	655	613	529	648
[591-591]	591	654	701	642	722	682	587	515	636
[592-592]	592	688	691	624	695	635	593	554	696
[593-593]	593	629	711	616	699	620	600	523	637
[594-594]	594	623	709	618	732	647	545	519	613
[595-595]	595	628	746	646	668	633	608	575	656
[596-596]	596	663	696	605	651	639	547	557	629
[597-597]	597	674	682	570	673	669	516	573	564
[598-598]	598	659	642	644	653	619	558	500	628
[599-599]	599	657	626	639	719	648	528	521	564
[600-600]	600	687	671	624	664	629	558	509	580
[601-601]	601	597	736	596	675	628	559	518	574
[602-602]	602	613	659	629	762	652	546	534	571
[603-603]	603	635	625	580	703	612	533	580	596
[604-604]	604	672	646	546	646	609	574	548	567
[605-605]	605	648	649	581	722	668	539	588	541
[606-606]	606	663	611	545	656	584	533	554	559
[607-607]	607	652	632	566	664	613	464	547	534
[608-608]	608	659	631	558	674	637	509	528	577
[609-609]	609	619	635	559	691	667	528	543	536
[610-610]	610	578	697	543	674	649	539	487	526
[611-611]	611	566	655	544	636	609	504	609	535
[612-612]	612	608	637	533	657	637	490	546	562
[613-613]	613	622	654	557	708	603	491	504	605
[614-614]	614	551	597	537	675	641	502	498	552
[615-615]	615	639	633	574	672	631	563	521	568
[616-616]	616	619	683	534	648	610	489	525	596
[617-617]	617	586	644	586	673	657	463	518	565
[618-618]	618	623	678	501	648	668	501	553	548
[619-619]	619	635	660	514	672	648	483	520	544
[620-620]	620	632	602	574	639	613	521	520	582
[621-621]	621	592	625	587	627	580	485	511	540
[622-622]	622	607	670	510	688	622	481	518	540
[623-623]	623	585	657	589	653	596	492	525	560
[624-624]	624	626	654	591	654	638	441	535	592
[625-625]	625	608	588	535	648	601	466	505	547
[626-626]	626	590	649	555	632	594	534	506	559
[627-627]	627	573	628	554	645	584	480	599	528
[628-628]	628	580	659	570	687	548	510	527	559
[629-629]	629	597	680	538	703	622	491	493	566
[630-630]	630	552	674	526	630	598	514	505	596
[631-631]	631	617	712	566	614	609	518	515	581
[632-632]	632	620	656	526	629	620	483	543	543
[633-633]	633	558	643	522	556	596	477	498	539
[634-634]	634	559	644	546	685	573	472	491	559
[635-635]	635	579	695	553	616	610	483	530	601
[636-636]	636	555	655	554	692	563	505	469	543
[637-637]	637	577	627	537	624	624	481	563	548
[638-638]	638	564	635	546	649	590	471	506	562
[639-639]	639	561	645	542	587	604	500	516	513
[640-640]	640	554	620	588	606	566	530	515	531
[641-641]	641	546	627	563	582	570	480	503	527
[642-642]	642	593	632	502	630	537	465	477	568
[643-643]	643	551	607	535	609	610	461	473	532
[644-644]	644	621	612	562	608	548	448	537	552
[645-645]	645	578	658	566	668	541	483	512	498
[646-646]	646	575	663	548	623	555	450	479	515
[647-647]	647	592	630	579	559	545	450	434	554
[648-648]	648	554	622	587	568	583	452	470	496
[649-649]	649	570	641	539	599	559	479	513	519
[650-650]	650	565	676	546	617	530	459	491	547
[651-651]	651	547	616	564	559	525	467	463	554
[652-652]	652	579	611	535	601	543	476	496	550
[653-653]	653	599	618	512	627	558	479	472	520
[654-654]	654	590	599	501	580	533	463	478	501
[655-655]	655	580	596	509	586	562	476	477	533
[656-656]	656	575	630	520	596	534	466	480	529
[657-657]	657	556	638	532	616	555	512	445	498
[658-658]	658	523	618	510	592	621	431	468	524
[659-659]	659	584	608	529	598	580	490	468	548
[660-660]	660	606	610	517	558	571	510	474	511
[661-661]	661	585	619	543	572	533	482	464	542
[662-662]	662	562	597	506	549	578	456	495	507
[663-663]	663	503	612	540	590	553	458	481	504
[664-664]	664	551	609	520	586	593	462	457	515
[665-665]	665	577	588	502	578	544	429	466	536
[666-666]	666	545	595	486	576	573	475	440	520
[667-667]	667	554	604	541	583	557	452	446	485
[668-668]	668	526	610	524	529	572	470	443	505
[669-669]	669	565	604	518	596	576	466	471	516
[670-670]	670	522	552	508	594	633	452	431	517
[671-671]	671	570	580	496	539	525	450	443	557
[672-672]	672	582	617	548	534	515	502	494	509
[673-673]	673	541	612	487	577	549	493	443	539
[674-674]	674	567	551	528	549	594	417	438	492
[675-675]	675	549	581	523	532	601	439	437	476
[676-676]	676	554	542	502	551	554	499	438	500
[677-677]	677	599	536	484	516	524	462	384	518
[678-678]	678	535	541	493	569	561	459	456	486
[679-679]	679	534	528	466	543	546	497	441	472
[680-680]	680	490	525	470	523	577	478	423	522
[681-681]	681	529	538	470	586	542	452	423	565
[682-682]	682	533	526	513	529	566	477	439	552
[683-683]	683	534	548	509	512	560	449	469	505
[684-684]	684	524	521	517	549	582	464	400	529
[685-685]	685	508	483	485	533	563	438	432	569
[686-686]	686	489	527	471	544	519	458	469	454
[687-687]	687	559	505	450	563	541	419	421	486
[688-688]	688	549	558	537	587	555	478	437	506
[689-689]	689	537	533	476	575	530	418	489	498
[690-690]	690	501	498	472	574	524	487	460	465
[691-691]	691	509	568	512	555	557	410	465	473
[692-692]	692	522	516	493	571	525	473	492	494
[693-693]	693	522	517	461	552	535	436	437	519
[694-694]	694	543	479	475	532	522	454	455	503
[695-695]	695	534	552	465	576	516	426	442	494
[696-696]	696	554	517	448	576	541	433	439	471
[697-697]	697	512	556	467	581	544	445	445	487
[698-698]	698	529	540	489	527	519	449	429	470
[699-699]	699	530	544	473	581	479	454	437	465
[700-700]	700	501	536	454	574	540	423	427	492
[701-701]	701	568	566	437	551	505	420	412	528
[702-702]	702	513	566	456	566	505	439	424	479
[703-703]	703	525	532	469	541	542	420	408	525
[704-704]	704	541	538	482	524	495	444	433	534
[705-705]	705	538	525	454	576	510	451	446	443
[706-706]	706	567	527	476	583	527	436	431	468
[707-707]	707	530	511	508	559	521	432	431	473
[708-708]	708	480	531	461	558	513	465	379	505
[709-709]	709	521	518	523	568	482	408	480	486
[710-710]	710	534	525	445	567	501	448	420	483
[711-711]	711	525	508	421	547	534	438	413	512
[712-712]	712	573	481	421	540	507	455	409	483
[713-713]	713	522	505	437	512	507	425	400	498
[714-714]	714	527	524	413	543	495	376	402	507
[715-715]	715	541	557	476	532	527	388	465	481
[716-716]	716	474	526	431	564	522	390	443	499
[717-717]	717	526	508	429	544	495	390	407	457
[718-718]	718	529	519	450	556	485	413	437	446
[719-719]	719	515	489	398	530	482	384	398	470
[720-720]	720	504	513	416	529	506	392	421	465
[721-721]	721	490	517	411	491	528	392	420	469
[722-722]	722	552	525	429	531	559	399	392	411
[723-723]	723	522	482	405	531	472	384	381	439
[724-724]	724	507	510	434	494	473	415	358	465
[725-725]	725	494	502	388	505	474	385	405	450
[726-726]	726	510	520	404	512	489	414	416	451
[727-727]	727	500	558	430	528	522	446	369	433
[728-728]	728	513	517	452	494	493	390	428	443
[729-729]	729	531	498	461	507	505	368	412	434
[730-730]	730	545	503	400	491	510	398	392	439
[731-731]	731	487	468	421	537	514	374	421	446
[732-732]	732	489	475	423	510	467	390	376	462
[733-733]	733	484	499	462	494	490	423	378	439
[734-734]	734	495	496	414	516	514	366	409	452
[735-735]	735	464	473	403	499	468	369	418	489
[736-736]	736	469	480	412	512	485	380	382	433
[737-737]	737	422	495	387	501	454	382	393	442
[738-738]	738	477	487	386	517	463	374	414	437
[739-739]	739	464	535	399	504	466	398	339	434
[740-740]	740	449	473	428	501	488	373	410	435
[741-741]	741	525	473	406	503	533	368	361	448
[742-742]	742	489	495	416	516	465	362	405	457
[743-743]	743	460	458	372	479	487	367	374	435
[744-744]	744	474	513	450	514	477	390	399	430
[745-745]	745	501	475	412	485	502	384	395	439
[746-746]	746	492	506	410	466	481	397	385	427
[747-747]	747	482	502	426	489	485	369	391	417
[748-748]	748	461	493	415	521	483	358	340	428
[749-749]	749	496	519	407	494	466	366	385	452
[750-750]	750	529	493	425	503	439	410	370	428
[751-751]	751	468	518	395	497	483	352	356	429
[752-752]	752	539	516	412	485	508	363	417	407
[753-753]	753	516	520	374	508	494	359	383	421
[754-754]	754	466	489	366	515	479	345	385	419
[755-755]	755	511	467	397	537	475	355	390	446
[756-756]	756	454	457	455	535	452	364	414	410
[757-757]	757	529	457	410	488	462	385	355	419
[758-758]	758	493	499	366	507	453	364	385	417
[759-759]	759	460	451	372	548	464	366	414	442
[760-760]	760	453	491	409	486	450	375	388	462
[761-761]	761	468	464	444	490	469	355	391	436
[762-762]	762	457	485	384	484	436	376	408	417
[763-763]	763	444	458	399	494	453	321	397	426
[764-764]	764	475	429	417	478	447	367	344	435
[765-765]	765	437	446	391	481	476	400	388	488
[766-766]	766	456	476	391	463	500	374	372	426
[767-767]	767	448	450	396	528	462	387	371	489
[768-768]	768	461	457	380	515	442	347	379	433
[769-769]	769	482	501	394	472	470	341	379	397
[770-770]	770	372	472	374	472	438	390	376	417
[771-771]	771	433	471	409	477	479	405	386	394
[772-772]	772	472	452	359	459	453	385	337	382
[773-773]	773	459	461	384	476	406	362	357	428
[774-774]	774	448	486	399	468	460	382	342	363
[775-775]	775	455	493	368	452	429	370	362	393
[776-776]	776	440	485	393	465	457	400	363	365
[777-777]	777	489	452	354	479	449	344	355	404
[778-778]	778	428	453	390	522	474	344	337	406
[779-779]	779	422	493	368	493	430	386	338	375
[780-780]	780	454	451	381	418	480	376	351	390
[781-781]	781	433	511	402	469	415	362	339	355
[782-782]	782	463	428	369	475	472	374	339	385
[783-783]	783	453	439	409	451	469	373	312	375
[784-784]	784	464	471	368	454	475	357	352	402
[785-785]	785	414	441	373	468	411	362	330	393
[786-786]	786	461	447	377	415	459	380	342	407
[787-787]	787	493	458	376	385	398	394	340	395
[788-788]	788	439	487	403	417	439	378	316	383
[789-789]	789	429	460	327	464	476	374	336	349
[790-790]	790	419	446	354	443	471	309	341	405
[791-791]	791	415	454	405	445	451	357	328	376
[792-792]	792	420	435	384	461	429	376	326	358
[793-793]	793	409	476	370	473	395	409	337	385
[794-794]	794	450	474	375	461	462	323	324	400
[795-795]	795	400	454	363	460	427	373	326	358
[796-796]	796	422	463	361	414	449	377	335	384
[797-797]	797	419	453	381	437	433	389	329	408
[798-798]	798	424	493	378	450	434	357	309	391
[799-799]	799	422	462	359	464	422	337	290	387
[800-800]	800	388	450	379	455	419	316	341	386
[801-801]	801	441	433	398	460	464	325	343	359
[802-802]	802	403	435	373	433	488	378	300	424
[803-803]	803	469	421	374	453	433	352	346	385
[804-804]	804	424	397	395	498	411	351	320	382
[805-805]	805	459	391	366	453	408	348	289	330
[806-806]	806	416	435	338	457	415	340	275	390
[807-807]	807	380	411	402	473	441	370	303	369
[808-808]	808	443	422	393	436	433	337	338	390
[809-809]	809	452	406	379	465	412	375	304	350
[810-810]	810	405	422	332	455	451	327	329	346
[811-811]	811	430	414	346	466	455	361	310	350
[812-812]	812	402	412	338	475	404	313	296	363
[813-813]	813	391	447	377	436	416	326	341	352
[814-814]	814	416	406	367	456	420	332	289	393
[815-815]	815	406	404	368	470	364	341	312	338
[816-816]	816	386	423	334	467	401	347	299	351
[817-817]	817	419	414	346	448	421	318	327	342
[818-818]	818	439	410	355	467	413	336	328	310
[819-819]	819	374	433	333	449	370	310	322	345
[820-820]	820	363	400	305	429	394	326	344	348
[821-821]	821	361	403	365	454	436	333	305	343
[822-822]	822	370	393	394	462	409	315	337	365
[823-823]	823	388	420	364	443	342	294	300	350
[824-824]	824	367	397	365	437	363	322	287	359
[825-825]	825	402	402	355	422	364	306	312	343
[826-826]	826	405	400	367	437	375	318	313	344
[827-827]	827	415	402	369	413	397	282	298	323
[828-828]	828	417	391	316	416	395	358	299	356
[829-829]	829	362	445	359	411	359	308	318	325
[830-830]	830	375	393	320	434	397	308	283	314
[831-831]	831	409	439	323	400	431	298	309	299
[832-832]	832	386	381	366	437	399	324	289	368
[833-833]	833	381	403	366	392	397	327	265	340
[834-834]	834	360	398	310	450	421	314	304	293
[835-835]	835	403	410	349	380	420	301	277	323
[836-836]	836	377	390	356	426	392	292	287	303
[837-837]	837	356	437	347	415	395	336	333	320
[838-838]	838	371	442	336	444	427	308	278	315
[839-839]	839	346	444	362	456	427	285	320	326
[840-840]	840	356	388	393	425	422	284	315	321
[841-841]	841	382	426	337	380	377	289	304	319
[842-842]	842	350	424	366	408	396	325	332	350
[843-843]	843	346	397	347	441	392	297	325	316
[844-844]	844	368	404	382	400	414	302	324	321
[845-845]	845	386	411	334	413	474	298	299	314
[846-846]	846	402	366	375	445	416	337	303	339
[847-847]	847	356	376	359	388	419	313	304	309
[848-848]	848	392	342	351	406	383	335	278	301
[849-849]	849	383	363	312	393	425	355	302	286
[850-850]	850	385	392	340	409	413	297	321	316
[851-851]	851	400	369	317	403	422	311	234	324
[852-852]	852	387	405	326	418	397	338	293	335
[853-853]	853	359	374	335	394	365	320	297	306
[854-854]	854	364	360	324	418	347	299	293	309
[855-855]	855	395	386	325	409	412	308	286	342
[856-856]	856	393	393	335	436	367	293	269	313
[857-857]	857	362	367	323	392	345	283	289	276
[858-858]	858	376	368	313	425	375	290	260	348
[859-859]	859	378	365	332	411	360	284	282	328
[860-860]	860	382	406	330	346	403	316	325	327
[861-861]	861	366	349	306	378	343	293	283	314
[862-862]	862	412	414	302	375	380	297	283	317
[863-863]	863	350	369	322	431	361	302	300	319
[864-864]	864	402	350	331	382	363	276	283	279
[865-865]	865	404	364	309	418	345	305	273	335
[866-866]	866	360	357	289	377	409	296	291	284
[867-867]	867	379	371	295	391	414	255	283	301
[868-868]	868	324	397	308	393	363	291	274	290
[869-869]	869	383	396	304	374	409	289	290	295
[870-870]	870	383	370	275	375	395	323	271	324
[871-871]	871	346	333	335	454	367	324	287	274
[872-872]	872	342	369	306	400	385	276	292	311
[873-873]	873	393	379	347	431	355	321	288	321
[874-874]	874	349	392	310	382	367	310	306	274
[875-875]	875	382	388	301	418	386	271	289	267
[876-876]	876	394	416	330	381	386	285	271	293
[877-877]	877	353	383	308	374	355	278	307	313
[878-878]	878	346	351	316	420	378	288	270	258
[879-879]	879	367	323	321	404	372	303	278	279
[880-880]	880	367	381	329	409	394	292	270	289
[881-881]	881	376	412	306	431	314	280	291	305
[882-882]	882	347	381	318	395	345	312	304	254
[883-883]	883	346	359	293	415	369	268	271	298
[884-884]	884	375	375	311	379	360	305	316	280
[885-885]	885	357	373	301	362	365	300	241	278
[886-886]	886	359	372	295	383	373	295	280	329
[887-887]	887	372	378	318	413	350	322	297	308
[888-888]	888	382	349	309	384	365	297	273	282
[889-889]	889	369	378	302	416	335	305	266	301
[890-890]	890	337	379	334	370	350	247	279	295
[891-891]	891	315	366	337	400	319	276	302	323
[892-892]	892	357	387	328	388	366	283	301	307
[893-893]	893	343	347	345	365	333	284	294	311
[894-894]	894	359	375	284	400	363	292	280	289
[895-895]	895	376	359	321	387	325	256	300	312
[896-896]	896	372	376	329	368	322	282	270	334
[897-897]	897	347	362	346	400	332	292	293	286
[898-898]	898	354	395	362	335	330	263	256	337
[899-899]	899	320	339	341	378	385	309	303	318
[900-900]	900	322	357	334	384	370	294	284	291
[901-901]	901	341	374	326	363	379	269	285	285
[902-902]	902	353	359	340	342	349	233	282	297
[903-903]	903	364	357	317	379	340	269	275	301
[904-904]	904	325	346	340	398	351	275	259	299
[905-905]	905	300	376	338	382	339	250	274	275
[906-906]	906	343	351	292	370	375	285	281	315
[907-907]	907	321	347	335	359	342	260	284	276
[908-908]	908	329	353	322	358	384	277	253	259
[909-909]	909	348	406	301	367	325	257	283	299
[910-910]	910	355	397	321	380	368	275	292	299
[911-911]	911	342	363	288	380	331	302	248	261
[912-912]	912	327	370	317	367	351	277	273	300
[913-913]	913	345	373	316	355	363	280	275	272
[914-914]	914	354	359	314	405	352	297	290	281
[915-915]	915	304	377	303	359	360	286	274	320
[916-916]	916	335	351	311	337	361	262	287	245
[917-917]	917	313	400	338	401	393	296	253	279
[918-918]	918	355	347	295	376	383	273	261	289
[919-919]	919	313	373	290	444	348	287	276	302
[920-920]	920	339	326	303	422	380	271	256	238
[921-921]	921	317	343	321	393	325	293	245	263
[922-922]	922	325	364	347	421	364	295	274	312
[923-923]	923	336	353	325	356	354	263	250	261
[924-924]	924	312	359	309	388	379	264	283	251
[925-925]	925	343	360	299	388	394	279	252	282
[926-926]	926	320	403	320	384	327	287	276	252
[927-927]	927	341	367	297	414	370	283	240	293
[928-928]	928	325	360	295	379	390	239	238	284
[929-929]	929	337	363	296	406	322	264	285	263
[930-930]	930	308	349	319	406	369	266	284	267
[931-931]	931	324	365	292	370	369	270	248	275
[932-932]	932	327	372	274	398	361	289	305	291
[933-933]	933	316	361	295	389	393	258	267	285
[934-934]	934	313	353	283	383	337	275	254	255
[935-935]	935	317	322	281	395	351	221	284	291
[936-936]	936	316	338	314	386	377	276	263	279
[937-937]	937	316	338	314	392	344	266	248	243
[938-938]	938	321	382	306	395	314	261	274	266
[939-939]	939	313	324	286	353	387	266	251	263
[940-940]	940	318	350	323	384	343	284	250	275
[941-941]	941	305	341	300	387	285	262	263	248
[942-942]	942	318	364	315	361	332	283	260	276
[943-943]	943	342	351	287	360	378	265	232	244
[944-944]	944	342	360	303	360	360	280	221	269
[945-945]	945	323	345	266	379	350	272	237	257
[946-946]	946	302	327	298	355	336	288	281	252
[947-947]	947	292	375	319	401	362	262	241	306
[948-948]	948	348	358	295	415	359	292	249	271
[949-949]	949	288	335	314	385	336	247	253	260
[950-950]	950	314	359	296	342	351	256	232	247
[951-951]	951	293	364	332	364	316	295	230	287
[952-952]	952	307	343	296	358	312	285	214	261
[953-953]	953	301	372	292	395	338	290	237	230
[954-954]	954	355	329	308	377	321	239	224	275
[955-955]	955	298	361	266	378	324	275	271	259
[956-956]	956	299	338	277	372	338	275	250	268
[957-957]	957	323	322	339	400	295	266	255	252
[958-958]	958	307	333	322	399	344	267	245	262
[959-959]	959	309	318	300	349	324	291	258	258
[960-960]	960	290	340	332	365	355	250	248	258
[961-961]	961	281	322	336	399	327	259	254	272
[962-962]	962	305	367	330	373	314	279	239	267
[963-963]	963	313	367	348	346	336	303	251	244
[964-964]	964	299	310	326	368	304	295	260	238
[965-965]	965	332	345	361	392	286	307	222	252
[966-966]	966	339	365	320	391	305	277	211	224
[967-967]	967	274	403	354	391	322	243	239	228
[968-968]	968	292	347	335	381	316	262	268	256
[969-969]	969	306	382	326	375	331	274	242	248
[970-970]	970	299	314	354	418	291	278	250	248
[971-971]	971	294	355	355	396	315	258	244	247
[972-972]	972	321	389	337	408	326	287	252	238
[973-973]	973	281	389	329	375	310	247	249	254
[974-974]	974	334	361	317	385	289	259	265	263
[975-975]	975	319	361	291	350	275	250	243	244
[976-976]	976	306	394	328	406	303	256	228	236
[977-977]	977	313	350	314	372	317	242	248	244
[978-978]	978	300	371	297	378	317	280	250	271
[979-979]	979	315	395	311	366	323	240	257	249
[980-980]	980	313	390	350	375	332	274	235	264
[981-981]	981	330	399	327	373	282	246	236	250
[982-982]	982	317	402	350	364	301	252	266	243
[983-983]	983	311	447	346	356	309	261	252	247
[984-984]	984	333	445	320	424	296	274	254	254
[985-985]	985	340	396	341	398	295	250	236	270
[986-986]	986	334	349	318	386	334	252	234	244
[987-987]	987	298	393	319	374	331	244	242	272
[988-988]	988	333	399	404	368	335	262	258	264
[989-989]	989	296	414	338	401	314	226	257	244
[990-990]	990	293	396	329	315	315	260	225	268
[991-991]	991	306	358	354	347	284	254	250	257
[992-992]	992	324	438	335	383	335	241	256	249
[993-993]	993	287	420	353	396	310	286	258	263
[994-994]	994	318	369	304	402	296	262	213	285
[995-995]	995	315	413	356	387	326	234	229	252
[996-996]	996	306	410	313	368	304	236	229	213
[997-997]	997	299	403	328	379	324	229	232	242
[998-998]	998	264	407	371	364	305	252	242	261
[999-999]	999	298	380	351	392	301	266	257	242
[1000-1000]	1000	308	425	344	347	327	261	231	234
[1000<]	1000	472363	469274	403851	495355	482673	384986	383639	415287
